df_max_in: [1.0815299999999999, 0.9135280000000001, 0.594903]
df_max_out: [2.7534099999999997, 1.0924399999999999, 1.57125, 2.3611, 2.04077, 1.36786,
  2.04704]
df_mean_in: [0.628972035508637, 0.025249436307071056, 0.20953392900714193]
df_mean_out: [1.307674808158581, 0.39979665848198126, -1.8152667684902717, 0.9193356257703194,
  -0.03178932867174153, 0.05641240957952345, -0.011484841753894887]
df_min_in: [-0.247142, -0.904327, 4.23646e-07]
df_min_out: [-0.00541133, -1.07574, -3.5383699999999996, -0.39810500000000004, -2.04203,
  -1.3639, -2.04841]
df_std_in: [0.26087494009049295, 0.41753149297513725, 0.1384589388672388]
df_std_out: [0.6649576367517455, 0.37509504803463367, 1.1241443690602373, 0.6463988019058432,
  0.8871804665845074, 0.5945693045754036, 0.9366544420178429]
norm: norm
